0.408247974279095,0.3314968848033269,0.8601263761521882,0.19116725053194725,0.14505203260522523,0.3599834861602891,0.1838514116756067,1.618,0.4669647864161839,0.0,0.21043314271721203,0.03541810015197166,0.10004827308470102,0.1841531352613096,0.15822416488808436,0.15900483383023362,0.151384773153373,0.25453832842236684,0.1447828950164689
0.3947532182605031,0.27971993016630453,0.8525231184831302,0.2827120309275007,0.19300699111567926,0.2492123184744212,0.19921028588823492,1.618,0.3632219706108483,0.0,0.14579804697859994,0.008195380655799703,0.07356496153056749,0.17298661488013392,0.12134542335752134,0.13394964755643382,0.12279749007572364,0.2370976532480103,0.12543522483755645
0.4864647905289258,0.40555807499273155,0.9966129002422197,0.3102809026788365,0.25247129564953813,0.42100099971129307,0.21472151704676876,1.618,0.5317689133031682,0.0,0.22066041103177997,0.02230381763040036,0.13009365277609913,0.22905510054404501,0.20972982469168353,0.20239700076281236,0.19372061355203885,0.30278066735264514,0.18774244419729313
0.19294929647267292,0.11607879863028345,0.40507821091117424,0.16658333532074215,0.09740093751070776,0.14269064004996126,0.12365675979853084,1.618,0.3601114583505226,0.003661493885378217,0.060210522085666594,0.0,0.026849203130345365,0.08982638326191027,0.06342326616272762,0.0596346803995233,0.0659179943800807,0.13898917118224285,0.06600926425633992
0.46028132956229806,0.35449417835242686,0.9645478204079158,0.31117564799065983,0.2321489020933585,0.393393250333045,0.21055897819983596,1.618,0.43355504311627896,0.0,0.18323586678644116,0.015589320058079987,0.09956362234767772,0.2004346141485711,0.15151479684558405,0.15554267692212487,0.1506790421857732,0.3173932079805658,0.1516440829047318
0.23729721919252605,0.1843162661754404,0.505721338447749,0.08587339059884141,0.058987557231086826,0.35582291950741096,0.1192162429668465,1.618,0.47661930617528137,0.0,0.2249055135939449,0.061903258047430354,0.059576021081380964,0.10854132171232178,0.05789088215623378,0.06979893270450818,0.06938347456559942,0.22748037409663815,0.08352944429758935
0.48268302433286053,0.3751778615711802,1.0281777657699023,0.2854671532662247,0.2125888160690584,0.38516157149438324,0.23406081615667157,1.618,0.44567354604344045,0.0,0.22547580663855182,0.02389174839400849,0.11756692825949508,0.2319414573455949,0.1613449235599175,0.17287431601076578,0.16508858491016534,0.2589987098847592,0.17289728275131216
0.6304535583737108,0.47935404250476416,1.213177088331755,0.5313644556771158,0.4003949467020345,0.4279814882213053,0.32343091601099594,1.618,0.5353488596328491,0.022032950287247815,0.1780533834926449,0.0,0.16400060971794944,0.2812471241212001,0.24188370576648635,0.22672326655779831,0.23860875357025735,0.40541949183179493,0.23671062950416813
0.4812405308147588,0.3676351692483619,0.9066928675135303,0.37115945322930105,0.27856105460962927,0.43610345197157896,0.23695008014561403,1.618,0.6035488750331771,0.007100259795253445,0.15331999772598667,0.0,0.11575934145417006,0.18850027575369602,0.17274287691622672,0.17410202597688082,0.17442315090910107,0.34316524016140587,0.17576284532861397
0.4539609777639329,0.3785334003517391,0.9590967529328921,0.2763089430984561,0.22284254719731972,0.35959985516749493,0.17983360358165693,1.618,0.6100867188591681,0.0,0.1850171177539207,0.0247823931114366,0.10188835944110602,0.1850893699674914,0.13210246272902815,0.14542367173705856,0.13214724774299558,0.22428612553873126,0.13685628713160589
