2.003812822215325,1.4747078768624085,3.7254551066326935,1.6460279570122698,1.2113957785029525,1.4412774374661053,1.3587862746611494,9.749510062264891,2.922470792395082,0.48918049492677484,1.1040141760975115,0.5400622010695563,0.7359509134351371,1.1562994122859895,0.6914748534710677,0.77171228045525,0.8117644000448738,1.1136297919028424,0.943906069444814
2.0421140848375465,1.7592639388596807,3.6344292507730493,1.3052692469468505,1.1244783696003944,1.8547874668263715,1.1607775500481206,8.101182269574643,2.833184536805484,0.512433047942033,1.2889172168989387,0.6604837780004857,0.8614915062395414,1.1401790840687098,0.9765607749248947,1.044620664840771,0.9857748631643238,1.5669312806552105,1.0007932229989522
2.0983672279810914,1.75671585686626,3.858656417097808,1.4397463357445726,1.205330117693954,2.060517231607575,1.1944830006397795,8.238375176978092,2.2316347292009495,0.5129548713995155,1.1989214447329437,0.6149925955011084,0.837182278411989,1.1509027524416435,1.0370673430023043,1.0729851403874118,1.0173532312686446,1.8730966799938678,1.0079793581682133
2.0291549477802144,1.6184335997332626,3.8757263103365895,1.6176887924818062,1.2902523282061669,1.6383965447154298,1.253777076869044,9.846534565018557,3.149897749335838,0.5014777911353777,1.2894125028010697,0.6466117337670195,0.7975899531495815,1.2515386228830243,0.7822885165501791,0.8238833061039691,0.8731653791012219,1.3186494632471562,0.9757130596988716
2.0177935007266665,1.6055857464830696,3.970968727466901,1.437524299022353,1.1438576464351546,1.5787737159847124,1.2567335660188257,9.611973338200421,3.5361663564766586,0.4826977582510747,1.4210557761383071,0.6859404374917019,0.7957136079112413,1.1705451604446293,1.3844076871655009,1.2583076875871684,1.1967693953569134,1.9328144060902521,1.0346624101691997
1.997235209072902,1.7301179850249648,3.6012623859339423,1.2880920280963715,1.115818093959643,2.097741279857584,1.154392490200073,8.37946779154612,2.9071181993000974,0.5087668201109206,1.3594486775978936,0.6916423808054764,0.8662565015705234,1.1526512539957081,0.9497676596249053,1.0147348212786864,0.9707163887604364,1.6993057813291337,0.996677852255619
2.003983995621416,1.8358546455095515,3.7737892162963216,1.2158039712016684,1.113800995135897,1.9193791101632132,1.0915809704886517,6.084236704520791,2.513050899543438,0.48130877535471744,1.4419513558114447,0.6940238411866808,0.9161024486826158,1.2203245576455992,0.8215802823854601,0.9065448702197073,0.888231142813215,1.1855681361689323,0.9596552058139385
1.9751352340004669,1.6789299580867465,3.842826102929119,1.386923645194139,1.1789307473286474,1.667728395293593,1.176425034580517,6.198130776617132,2.156783469877045,0.5446902191758493,1.2063788571757308,0.6571027641241592,0.8500329137900183,1.2328350454147297,0.9368984194635714,0.9707381577991555,0.9575616633079604,1.2402986165579044,1.0066528373849903
1.9718689161972562,1.6897319280387657,3.5921691438197785,1.2538154087996844,1.0744182388155605,2.092269976740849,1.166971448829733,8.429202553887459,3.1803433685602216,0.49424186026122807,1.4618809294411135,0.7225227500473891,0.8569189940360787,1.2060231329667226,0.8880766893089149,0.9480058419742174,0.9341052433993716,1.5786286919773924,1.002481128809735
2.084630662402819,1.717277118838799,3.8530498551177863,1.769707933837956,1.4578500626602406,1.0985553908827497,1.2139162861567852,7.68086381334298,2.6261826339555854,0.4842305953668736,1.0774368177371918,0.52172787172307,0.8237800344255728,1.1934666284530149,1.0234996908351166,1.025699279891561,1.01993134558713,1.0753816216591099,1.0132146623482066
