0.26464232052783426,0.17219509223473767,0.5654542080455728,0.20212878818657148,0.12618820100612835,0.16635399872398404,0.1519408290362464,1.618,0.4251537348292704,0.0,0.10742607905046817,0.008890245205677433,0.04311666601530059,0.11656155436350014,0.035345639671305135,0.04936502806524596,0.056363086722313736,0.1091061560131607,0.079451381748358
0.3261438539359818,0.2658372707526031,0.6656419534567057,0.16904089626957225,0.1304944071178811,0.28620387712424644,0.13823376867129736,1.618,0.494808274633331,0.0,0.16555447395611628,0.031565950361322107,0.07442288169378529,0.13384196219814623,0.09895684260030305,0.11346791664791758,0.10092138172737002,0.2248299542784024,0.10412345172635742
0.33204629540953834,0.2604913642086272,0.7007185223347427,0.19410576123961418,0.1450099935268832,0.32411905110308586,0.1427381902204688,1.618,0.35995763336198927,0.0,0.14366777104049927,0.021370622058861935,0.06790568328914932,0.13361081089410826,0.10976929998759498,0.11729186754642909,0.1056404071217883,0.28486598259469653,0.10367715773514383
0.2645015112545153,0.1933893546117444,0.5842162585170625,0.19326039893367677,0.13656815917344275,0.1968457322200021,0.13025284637316092,1.618,0.4585465445586296,0.0,0.1364227520840771,0.025128442219235308,0.05126876055776987,0.12986528119972057,0.04861947494967982,0.0558211828821686,0.0643538644954469,0.14148482962372064,0.08210893556903344
0.27206812737482167,0.19901171227098052,0.6182333284567715,0.16922584157290826,0.11717870598970098,0.19425976180498497,0.13718393381823732,1.618,0.5411724236674218,0.0,0.16630709190947288,0.03602111165683086,0.055476432967199334,0.1219085881461962,0.15981187687968085,0.1374629185717672,0.12655636241004545,0.2570071103294274,0.09782581311982715
0.3059882292671236,0.2510762627119068,0.635732172224712,0.1602078634541911,0.12479307302512471,0.3266495176478918,0.13272290968688205,1.618,0.49303518779477723,0.0,0.17487683122624584,0.037594193741785145,0.07349006228299951,0.13236495933546008,0.09065766326573013,0.10401312778373356,0.09496414674976837,0.24474211969709928,0.10030111077465698
0.4397144738497837,0.3911624860462416,0.9507945525610942,0.21210574933403564,0.1826495761758379,0.41528247929229767,0.17623293110494656,1.618,0.5867215853027459,0.0,0.2774120450645037,0.061427343144023414,0.12555866724297599,0.213411193373072,0.09826278426852542,0.12279865280972099,0.11751005882487656,0.20337431789293048,0.13813572729610582
0.40938964697167407,0.32461646654129384,0.9439179214308412,0.24104501841872353,0.1815179914115309,0.3214106083713576,0.1808008629328139,1.618,0.46137690016061084,0.0,0.18937356914005685,0.03217217831838048,0.0873882859235947,0.19694526148134398,0.11224896797230105,0.12193381316889684,0.11816273467781904,0.1990813161522933,0.1322125011606533
0.30129961178319487,0.24376969267381346,0.6316913893252162,0.1548829350247961,0.11830246131590073,0.32585032141884734,0.13717477834240077,1.618,0.5477169211334333,0.0,0.19730910767972143,0.04654824314009473,0.07395267917572244,0.1451377194801437,0.08030597478712266,0.0925259936071714,0.08969155379549514,0.22111488153004832,0.10363392690426598
0.3598137114999984,0.27722258652757137,0.7574027183519406,0.2890104679019807,0.2188962880789541,0.13811701792191958,0.16405330269563237,1.618,0.4815694080087051,0.0,0.13336898501339767,0.008430413403976175,0.07634000174202005,0.15945566027555566,0.12124244352041595,0.1217369713066087,0.12044018190218857,0.13290692071838392,0.1189300877857575
