0.4170548699138972,0.32561084869509155,0.8885693133546083,0.26338309149270617,0.19784874803287553,0.3397473496907532,0.17973794236262874,1.618,0.41424215672580894,0.0,0.17259939780545433,0.02188432738085363,0.08554661648809121,0.165989033046961,0.1312042516117164,0.14060148279373205,0.12718129466790568,0.2687830728489007,0.12944518587147447
0.42797921010891865,0.3486978931690255,0.9044004604309879,0.2719519830053241,0.21477632509113453,0.407391271429662,0.18980104988673602,1.618,0.520728424962075,0.0,0.19888746540579333,0.0260585474215372,0.10517928194116627,0.19352775941588815,0.14699617744241023,0.1572790434797344,0.14529962009877617,0.28896282929489087,0.14469346755898713
0.2562782669608924,0.1703822612523655,0.5788802120448062,0.15898102669748548,0.09856184162253999,0.30755249658799766,0.1468890224703531,1.618,0.3245288131627978,0.0,0.15225927154611796,0.02784416867436177,0.04737453372963012,0.12552311880741224,0.07612210370060414,0.0845766920402308,0.08019705899592035,0.2581755276276118,0.08534411484757201
0.38842185420313863,0.31204605987382683,0.8119408637469562,0.32285997154368734,0.25647184137400997,0.21616489829851232,0.18191037618160497,1.618,0.6387626749465004,0.0,0.15308090006925487,0.00726879886828435,0.0989209681121492,0.191376694555171,0.141820497700132,0.13741904960481127,0.14024879548831368,0.19256366030664573,0.13704172838216921
0.4133055264396705,0.3376767613466856,0.8636796364008984,0.23422563145224137,0.18356074980745596,0.3636450696040249,0.174098468430339,1.618,0.4890441978553499,0.0,0.20217177446124604,0.03482870216050797,0.09542655576962981,0.17749634272851011,0.1215155180191109,0.1344053325814903,0.12682952967371122,0.24752601961374956,0.1346801220632361
0.574745975341067,0.4495807713307592,1.1737114511005615,0.45156830305405454,0.3483801416350137,0.4065372794317361,0.27537806633993483,1.618,0.512499056192083,0.0,0.20626313999359372,0.0010121828451065725,0.14467449998738505,0.2694246189509528,0.23700985980946226,0.2296758911079608,0.22513374883636073,0.38422626963628154,0.21431737899419265
0.33406034223963393,0.2249524360501316,0.7103110777027819,0.23577453238385135,0.15070113266315618,0.35768918689342094,0.17216492745984582,1.618,0.3356413841015404,0.0,0.11868754303955228,0.008374407001430856,0.050127757254496065,0.14367660171922375,0.14368629445601455,0.14317857704465348,0.12959288945609151,0.3744639025726475,0.11536448154378834
0.46039776022078005,0.385782504076635,0.9420873276007744,0.28931645952735313,0.2359616162676377,0.3204625921439094,0.18597344088022155,1.618,0.5119262144954179,0.0,0.1844688777158189,0.019132622539633496,0.10998329624624152,0.18713248824299025,0.15415738028650885,0.16320843418963743,0.1500950493634462,0.23758069887130956,0.15213801131914
0.3649599270576041,0.3016864274123292,0.7617243990869098,0.22302861051982042,0.17809573490494848,0.33747886135418365,0.1459650081217183,1.618,0.5622693047935717,0.0,0.17053389587670814,0.03150233326274292,0.0805353345092148,0.15239406418180224,0.09332277714893626,0.10573160683359827,0.09989982006552209,0.2477916798932126,0.10800869231267075
0.39402830817658263,0.30223102947068425,0.8690636765481862,0.2798999409750777,0.2077725422579834,0.30277207900387343,0.17304982707037883,1.618,0.4242340503194088,0.0,0.1419139679604354,0.01213086109929636,0.07488317507262703,0.17040082000116827,0.07301402461695887,0.08608280690950061,0.08975993302130528,0.19693780235376296,0.10561241797704489
