1.9821884172822823,1.7024488407337914,3.629178364327888,1.1909804988977557,1.0229014315727836,1.8062757682123676,1.1643159957910496,6.391448555676665,2.196197316383218,0.49422106422380246,1.261200121297206,0.6233116661466939,0.8588733673804666,1.165415706930992,1.0709107397430744,1.0737560934806307,1.0459827737586769,1.4219530963627638,1.0219204886881128
2.098502299376569,1.6241107963503139,3.986322378282434,1.6364500696235207,1.2665109905065934,1.4982989378524278,1.2920930666136223,7.1431105947269975,1.9684690175967434,0.47055985212858975,1.0718236757605146,0.5043571903737893,0.7739380589827377,1.1839479643523365,0.9709822839797313,1.0229614715806772,0.9769705342015134,1.4483386668679907,0.9878484198899218
2.0563003406135625,1.7867263593064266,3.7560684758087226,1.4692712939496744,1.2766548242115432,1.8381808111627334,1.1508759189133917,5.8264750335889905,2.2072496488995514,0.43544291883429515,1.1706637855384343,0.5097572557484612,0.8689034009367036,1.1986341444716946,1.1342440438866672,1.1098117266478624,1.0809027760339398,1.4442811768225325,1.0609840473696157
1.9149548068185485,1.3565695453283881,3.4558536260408235,1.723433162943598,1.2208940565769684,1.5498772569595631,1.4116156546585237,12.266485394760794,3.1292163257539913,0.5399732194569586,0.9507438633959925,0.5133762247968809,0.7084081256111492,1.1658726950195326,0.9740811513272987,0.946560964630938,0.9922027910602654,1.5229898850859431,0.9928657730254099
2.114619762137238,1.735103158072929,3.9237005811251793,1.5796958014333784,1.2961834666159315,1.8746554905679151,1.2187285535724655,6.267992390488773,2.0187378960009594,0.4633378709826875,1.1207055485336952,0.5192653228560873,0.8205272593874121,1.18240689995856,1.00690465113211,1.0213548688640761,1.0039063402153798,1.6020016034702809,1.0073684712232973
1.961650174741379,1.6235957450296312,3.6743781909104998,0.9954634018552903,0.8239135419739416,2.7179245666575165,1.208213424275498,10.771470772282782,3.4886874782472286,0.4475329016820729,1.8825826848090386,0.8425176915890162,0.82766834063249,1.1401001833575326,0.8169160108632993,0.8928974533975133,0.8902465485681376,1.8990120419507375,0.9805074340022923
2.042217499440136,1.6836484414051558,3.861642079390028,1.384430400650515,1.141354477144652,1.7169477674179285,1.2129714548577148,5.828915068919036,1.9187773461702726,0.43229298122712856,1.1843373065335305,0.5119807050198875,0.8244217091797127,1.2059026176688392,0.9704373435388797,1.0088920864053297,0.9829238240899217,1.2961484561639642,1.0089686888894551
2.1371136087121414,1.7029577781959049,3.8114592653171333,1.8523998462030573,1.4760837765294945,1.5553484768529395,1.2549422164630393,4.974641201517161,1.8638482760578157,0.388932266846843,0.8372274209791886,0.3256247587077719,0.796849438070882,1.1337350828933792,1.0206317583097888,0.9770711086426671,1.0112218036684517,1.490520854975659,1.0057679037959295
2.0958949670382734,1.69593169561571,3.5937583255467622,1.7083394211931222,1.382334046712898,1.9369836844398267,1.2358368986537256,6.098012735486881,2.526498283654495,0.4266190517522909,0.9414057125486276,0.40162161240168526,0.809168265722898,1.0652627109817008,1.0097866251592824,1.0145716960146962,1.0157022604234112,1.6097819509720384,1.0204188385439057
2.0718992468755513,1.8157729631606618,3.7871677640976062,1.4686536304267666,1.2871000162764434,1.7514811121962899,1.1410563373898124,6.0245780825640916,2.6020489246310916,0.5304028582157585,1.1586577806162093,0.6145553985327646,0.8763809176044003,1.1589031244491539,0.9789776899841304,1.0242119647000059,0.9791297645911526,1.2920019151378705,0.9951200535524524
