1.9790354265103545,1.65905377905758,3.8550487949308585,1.2891522875068924,1.080714850132999,1.704686622974689,1.1928699669003733,7.1087016379939545,2.1098602462156917,0.46873543502653237,1.3547739402073216,0.6350305522256883,0.8383143408316848,1.1990852037332278,1.1793468929674973,1.0753284563392949,1.1074299953347118,1.3596701364011903,1.045950424424792
2.0444788560386047,1.5213438962147217,3.936783027370969,1.6260009024615092,1.2099447939474002,1.9046471603181059,1.3438637122911545,9.652611300051522,2.4762867304902954,0.48775210743812575,1.1491963037191582,0.5605229189991239,0.7441230765098188,1.1909668637952096,1.1581335165296909,1.1815867712021373,1.083426780951986,2.17806684787679,1.0205743572917532
2.025896046548973,1.4961284868498206,4.022485304927198,1.3020273423452264,0.9615499279236918,2.003864254840056,1.3540922884334663,8.980399731376263,2.1725244163786646,0.4633539936420667,1.364359870059911,0.632181594557231,0.7385021010324846,1.151146233066595,1.3158542877875719,1.1961495401959,1.1628823391473249,2.218273292413852,1.0490995229664863
2.0384870170262666,1.6602011578303735,3.747185708396595,1.3502901455414795,1.0997142705893534,1.948761994622729,1.2278554363196892,8.199229246958163,2.4567641169669816,0.5201804385908877,1.2287695103211491,0.6391818628059657,0.8144281243705274,1.1127200612209125,0.9347044874797155,0.9906898379849298,0.9535119728366952,1.6346075015297856,0.9787040325999881
2.151114905656438,1.941533848586636,3.9882443786597332,1.6077891625519827,1.4511438102525955,1.7448179504575896,1.1079461258027352,5.311535480200858,2.1176242273406487,0.5341547604928703,1.0856173709287589,0.5798876867553507,0.9025709614494788,1.1897338431994422,0.7130636349203161,0.7620027087195321,0.8160651710416018,1.0791792571823091,0.8815304988498409
2.1148070832604504,1.729503612658452,3.9762244856388635,1.6011244126477555,1.3094104317641435,1.90791382526871,1.222782691971219,6.172374490084333,1.7764275752698302,0.5216720647535487,1.0327431969185161,0.538753275896663,0.8178067996594911,1.1761418728242572,0.8613913854590665,0.8901995160953629,0.9185064635696595,1.4586201069874556,0.9625744561978994
2.041961485525528,1.8712548579368848,3.546029646958864,1.338314468867532,1.2264322657736448,1.7640824641784487,1.0912257498568914,5.542817740431528,2.3294693204840655,0.5020519574746211,1.1307077021205982,0.5676740151812771,0.9164006624029398,1.1662642749966483,0.9174075424611051,0.9541309490530716,0.9477455327743896,1.2698207921929265,0.9817557730413292
1.9679280723305552,1.8207373677337104,3.560411964842011,1.3291580336014222,1.2297439796849798,1.655417555395128,1.080841260911811,5.830012883226102,2.4993199283502636,0.610796262768072,1.1528389513374366,0.7041497230503696,0.92520524166184,1.1844630865224968,0.8864074612873096,0.9004352001123471,0.9278574944951561,1.0834676330443749,0.9679107900371364
1.9756885501800734,1.7001323730110491,3.5915795268222106,1.2951179233362276,1.1144833066578606,1.9398752133346042,1.1620792483828748,6.749985879567728,2.3558773818766885,0.5058062268866053,1.2308166772557383,0.6225547395118335,0.860526510039293,1.19913423675276,1.0179253743750838,1.050174770356843,1.0122008184271256,1.5268695398956553,1.0080218915400674
2.1302328363299754,1.9431052337909942,3.8715465086547223,1.5328136490853301,1.3981655775691073,1.593488813289626,1.096303380426749,6.206859916832169,2.593035852925667,0.4976818236856024,1.2066452280431315,0.6005253976340352,0.9121562679216936,1.1815363535801715,1.0267918732999515,1.0392187045450563,1.013492945261953,1.3427896245685862,1.0248207079546174
