0.36802376872471765,0.29005194029173353,0.8251630880103867,0.19991584696921924,0.1491246586766884,0.3011715663863492,0.17645416207815348,1.618,0.3999026295220268,0.0,0.21590626481529865,0.04052211884873575,0.09005748693803567,0.17796866575003428,0.17315891433824557,0.1478121241107265,0.15563449677150484,0.21709935002078343,0.14065340459549422
0.2748306140115759,0.18247432711114622,0.6089053755402029,0.20095088332968378,0.12749871462441983,0.2501441808737797,0.15114128297449692,1.618,0.3510636609334466,0.0,0.11677393913976043,0.012847242999717064,0.04526073115147503,0.12414827678998014,0.11835174955926984,0.12249227864569626,0.10516273098033209,0.2984147593051981,0.09406651887876263
0.2968391998181231,0.19619821020882444,0.6761352045047645,0.15932443243667616,0.09464326557463253,0.292653776834295,0.16921531307355567,1.618,0.3246944808263422,0.0,0.17116586583365007,0.03207251278110499,0.052270429379674875,0.1306612501161629,0.16195116457063632,0.13921061725324563,0.13289078136718008,0.3333854851609774,0.11127523505574588
0.31991202363913235,0.2402059903200014,0.6799402708388033,0.17490675464682093,0.12210962107074938,0.30100667613167315,0.14910937212400077,1.618,0.4080443385381664,0.0,0.1493019704224711,0.025073978455534118,0.06199892297502979,0.12484998250964702,0.08734153510931099,0.09913782647012825,0.09130433207375216,0.23481332556063306,0.09661237916580785
0.5476309443126334,0.47665017676776256,1.169828684395827,0.36361775718763,0.31056521754496563,0.4100265723604814,0.194331262995533,1.618,0.536288344529575,0.0,0.1867689757285676,0.01548879585573756,0.12477494428876679,0.2220310705913489,0.06059273392833159,0.07716738561570467,0.09547722298668469,0.1845885198149781,0.11764897495879992
0.4561720412649889,0.3458457546356696,0.9891630095288978,0.30908615733566713,0.22555791862434366,0.39693103612374925,0.2007532709124715,1.618,0.35928177829971264,0.0,0.14633810623897983,0.004890967095642317,0.08479406010302627,0.1873983214390232,0.0972738996903294,0.10552270698207046,0.11362800745022082,0.26828203260866595,0.12624626385545318
0.4942847423719842,0.4394908211046477,0.977065016239738,0.2684260292371726,0.23251374677843084,0.4050903072606122,0.1891147569874431,1.618,0.5865698627272559,0.0,0.20178779150506845,0.021063563343561423,0.132998880217909,0.21320084606673104,0.13332207157498807,0.14510965989474273,0.1430600499775672,0.24644072509266962,0.15397675809718722
0.4207220024677563,0.3750916756665677,0.914405082795128,0.22269804641800023,0.19187887355471953,0.32384117663279666,0.14571780830392636,1.618,0.5854578403461301,0.0,0.16803768340779573,0.028940339081672758,0.09746936462765038,0.17784142493652672,0.08544173419745732,0.08979044839528244,0.09829158477990163,0.1465320052264744,0.11070843521927597
0.38087783045570306,0.30947535335560195,0.7995896141700555,0.2045274793314324,0.15772120115842939,0.3715978317626661,0.17005432384140767,1.618,0.4793928578734348,0.0,0.18786565633062247,0.030252027317393074,0.09191558380204706,0.17965606090173245,0.1327009834319182,0.14105748910613936,0.13121762900603787,0.2645792613829222,0.13013478000435086
0.4626703695982922,0.40963778662955863,0.9561644375454051,0.2933597912293682,0.2552000813448975,0.31055533392935847,0.16965133387060902,1.618,0.5938302788942948,0.0,0.20092257931618762,0.029146209828051408,0.11746343165910753,0.19380664104657264,0.1499515422900714,0.153473347465271,0.14618258199238654,0.23950635266924125,0.14939290749593548
