2.138546699466689,1.7779791546320507,3.997747584986416,1.532612543059464,1.2742079255818415,1.8337199607407602,1.2027962723270829,6.8739228483363295,2.1274560554307462,0.49408215709529407,1.1746486968993335,0.5803729619931989,0.8313959919956125,1.1485837561884673,1.011425929219061,1.0484795991078266,0.9955632441700906,1.5539048921250962,1.0044898604995534
2.0284277520945047,1.7410437289438254,3.755390180529382,1.4628502115489714,1.2555962047805906,1.9537992661611803,1.1650642188780727,6.342091745480598,2.3646310788981566,0.4770611505634199,1.1980012429926596,0.5715198513584854,0.8583217850111085,1.1785730355695725,1.009902360721399,1.047176355722846,1.0037525704083923,1.5245122226328667,1.0015553496475458
2.032486525764895,1.5002895742696742,4.031272968788568,1.429649476126126,1.0553025452825242,2.350172877682217,1.3547294873086675,10.469481344445512,2.455355229925513,0.44463024204103113,1.3880026315406626,0.617147946015513,0.7381547455548634,1.2223500046824,0.9162697693589236,0.9686529518291843,0.9415174949982926,2.0442416281668176,0.9734077722100155
2.006010954853337,1.7004162570669326,3.7005944922800507,1.7436848619653775,1.4780527889511021,1.3167767171797187,1.1797175818076029,6.925796931145983,3.007674219117517,0.45185809541409944,1.0643651312405151,0.4809420010275171,0.8476605040231463,1.2175941987112069,1.0193100285189873,1.0016989619196333,1.0130213363142306,1.2223434840481389,1.0001892248882314
2.0783524434734097,1.788628417407878,3.803677459863913,1.3923205070883578,1.1982298925951365,1.8881096506288206,1.161981115387514,6.693381296974687,2.368497506458717,0.49503238042582826,1.2695263230640388,0.6284566377196402,0.8605991842358865,1.174997932738959,0.9605426273094063,1.0099218412322988,0.9808999192635596,1.4432725754137987,1.0109745242276376
2.1232142292213902,1.7443958226090541,3.9360115552603876,1.750411181322073,1.438107332987368,1.6141226596709255,1.2171631012310875,5.28067185043581,1.93482098594746,0.3837183660769838,1.0079835095172935,0.38678178530451973,0.8215825791864376,1.1991447112833604,1.1010399104659474,1.078843307507359,1.0650962992110886,1.5465973338628816,1.0323600445839447
2.0775072062123,1.5694800509192892,3.8294021649722825,1.6198697889936098,1.223751865365374,2.187527599340134,1.3236913747297678,8.055774360995613,2.0848688377159643,0.5220587397239987,1.0746905055135054,0.5610515709017277,0.7554631080104685,1.1910443137557267,1.1910894449810503,1.1887254161842873,1.1254678718013051,2.265633864825288,1.059217699394171
2.1031520695734947,1.8417916451633418,3.7904020539623375,1.5038928340158928,1.3170028439613501,1.6129907164070236,1.1419055326353016,6.157971798428385,2.283644630671206,0.4904824866087389,1.136635386990549,0.5574997509786107,0.875729183737458,1.145965414304266,1.030461043538223,1.0621648453037884,1.0162316139414789,1.3226741253898195,1.0233876492000382
2.0775996418176543,1.809128420343894,3.7610823484843134,1.4753811122610514,1.2847296694250767,1.9609967145548992,1.1483981006847084,7.394283574654874,2.9147888275901304,0.5290645053792771,1.2526445757937614,0.6627297829083608,0.8707781730079237,1.1756767646285464,0.9250356483215726,0.9776866583206668,0.9529422246197116,1.580451505385901,0.9873483954364265
2.064960631677566,1.709067274025401,3.906648475115132,1.6224907853019022,1.3428565470105467,1.7111648954117573,1.2082383549559885,6.810236321927934,2.1820667501064905,0.5373330202290406,1.087526220585163,0.5843637486852994,0.8276512625991137,1.1979682899432107,0.8204046618174493,0.8710716628014229,0.8853276927936989,1.3008508141809836,0.9467869667238541
