1.9744518609330401,1.6707383956509205,3.84962558606123,1.4954508034782323,1.2654180765883125,1.7601110213064233,1.1817839741234848,5.6523279940535085,2.3815886345908805,0.4498003656268875,1.2107183780462416,0.5445815691163918,0.8461783387625375,1.2271287954608128,1.191463774744052,1.1593606448735267,1.1070435113480406,1.5219906029738015,1.043164155062109
2.0678684751749294,1.6640348097108364,3.6333288698134116,1.4219935991846782,1.1442927229833284,2.0400818521071287,1.242683424113146,7.212311930703793,2.2732532706015083,0.4333486921917514,1.1310748398229498,0.49014980260827,0.8047101784701607,1.1239281873700893,1.0033002849275525,1.006296896690724,1.006599329705809,1.7171399711830784,1.0144246142020144
2.103041764357428,1.9345156246432074,4.01109680136419,1.3241540425879479,1.2180436585877945,1.9006598788504745,1.0871154192643457,5.77866770147652,2.3344918162101678,0.4144679218339697,1.4250988492811711,0.5906577584695486,0.9198655287924284,1.1391964458095738,1.0478199636961032,1.0241328556991915,1.021391729005731,1.3429950798610444,0.9975853204538695
2.097816170455729,1.8015066377338897,3.7770643668294084,1.4546385398449893,1.2491757008742075,1.9586396972293378,1.1644787349185493,5.74946728482688,2.103978103458907,0.4576261991255758,1.1075777457556673,0.5068565940262394,0.8587533374492632,1.1379986222315792,1.0715284805757437,1.0657702280386203,1.0401913627792392,1.6571125447894055,1.0108076391548553
2.042173329277809,1.7092311991174243,3.5612628126097823,1.6538463511248898,1.384214425564376,1.4386997362951586,1.1947905762147932,5.3683616404241645,2.476512436384947,0.45047783306805905,0.9267965890462457,0.41750131912842126,0.8369667621317305,1.113177602386043,0.9415483097123999,0.9810588876959705,0.9671829229261144,1.2489017209068842,0.9884594312683327
1.972704172152855,1.575179731116795,3.3664535461705016,1.865034140600508,1.489206550878181,1.0949234922092228,1.2523676715635599,5.928117064578091,3.1526345553921344,0.5127762960370948,0.7537114613783795,0.3864853714463113,0.7984875549777781,1.0981167951545994,1.0097626414011807,1.0127325657480872,1.0063509339686878,1.0695334478918366,0.9836212143368382
2.07214133251367,1.5938592480469211,3.6168333968047723,1.6445243307273847,1.264942826070829,1.4596319866885175,1.3000779931181659,7.927037002854863,2.5151140284069964,0.4718246717344883,0.9264830001074402,0.4371375373932769,0.7691846222252827,1.0693127582900925,0.9301624640278952,0.9661543400586718,0.9561146136933992,1.3475070108215126,0.9857985125189479
1.895882423649896,1.5614703141503226,3.505887099152234,0.8943915274909628,0.7366310283715136,2.594063828137757,1.2141648845124182,9.155363482333257,2.9161440522588196,0.48803852330125114,1.707624864289412,0.833386717120304,0.8236113667556593,1.0914501649553263,0.9618516177107294,0.9901883296121221,0.978528752884745,1.804828131758964,0.9892860347794009
2.086918909720987,1.7969614493045476,3.6696784059500667,1.5996430518530655,1.3773879202676558,1.8678639765664078,1.1613598669735834,5.741328471959596,2.3099521181201856,0.43458118383399885,1.0061873365850578,0.4372700838919127,0.8610595461731642,1.0977969477175324,0.9635211718053425,0.9870516243657659,0.9685854894757752,1.4134797093428402,0.9824437755523205
2.0734190475481493,1.6542733138053236,4.205542040052796,1.4560049250272018,1.1616706690766943,1.9546029520503592,1.2533715137909496,6.073947856082972,1.8686750055447217,0.4253125063171975,1.3251976734377526,0.5636231438555297,0.7978480354762478,1.3067643490340315,1.0131562961026046,1.0473391962078955,1.0041716006685841,1.7613906022501125,1.0040534640223555
