0.4741706907862026,0.37971499118714364,1.0573547320740297,0.32520008143717233,0.25365928844373825,0.40751011667969883,0.22764885900388243,1.618,0.6007913157645284,0.0,0.2366475359722119,0.029477207657308848,0.12327460925516306,0.24175121965698385,0.2306593028732241,0.22067514366440144,0.20440437528218017,0.33345403002731516,0.1845377247129654
0.39012647152918833,0.29373962774032575,0.763769878257712,0.23596933678986415,0.1696878123317955,0.3834943724099181,0.19317166212222273,1.618,0.43914762525256307,0.0,0.16653297372284812,0.013557264351547053,0.08863639817146342,0.16482721382094512,0.1360357984842741,0.1367510284777437,0.13682321305836329,0.3064147446039108,0.13869094856147532
0.5093234013340595,0.4584909742696486,1.084848768900191,0.27438801756895354,0.24238201325050726,0.44827908825814494,0.20289021579186436,1.618,0.5791355260276493,0.0,0.3048359322513032,0.053144022852810884,0.15244274293476756,0.21859938107500274,0.19103755375069537,0.18389282717200764,0.18306602295661456,0.2800710270690027,0.1758853118311466
0.5014941549894422,0.4108964185533717,1.0149305068621548,0.3048402136721053,0.24201919012455703,0.458940433130945,0.21612277927304077,1.618,0.5033781888139048,0.0,0.19872509121428414,0.015052375469948125,0.12264610733708646,0.20802638680137608,0.1877028949471439,0.18594228791942344,0.17812145518476208,0.36674739015275537,0.1691372729211043
0.5309621241210294,0.4221526785621789,1.0274186235012934,0.4040522519218919,0.31593333374511495,0.33373978091616613,0.2540273682446763,1.618,0.6729093069725589,0.010777116721477143,0.16644374780328522,0.0,0.13708629263079794,0.2273552783279166,0.17126478545913862,0.1841773119754767,0.1796424817559582,0.27171153350686433,0.18659589757939216
0.46313110680453107,0.34706519315070383,0.8700665749186384,0.43169449739080706,0.321963451763148,0.20684393024802442,0.25281318556880733,1.618,0.8076374662667269,0.03687338446565154,0.10721965053117746,0.0,0.12029300571889548,0.20777628455298894,0.18197936612006413,0.1828465001808229,0.18098324387097728,0.19943075413304615,0.17434680745642572
0.3532004872300063,0.24987995319136835,0.6868914495116978,0.26082484025627617,0.17882602607106368,0.2208836081964342,0.1864160745816931,1.618,0.4488933366815218,0.007493262576204866,0.10571049215314424,0.0,0.0717302262514515,0.13656518517074795,0.10650534562891505,0.11428046406492837,0.11211163959219428,0.196661893100071,0.11852408191150889
0.26281366413871127,0.20038623748425488,0.5633663233819983,0.07585721821746286,0.046406783535275005,0.3931488618843744,0.13555190995987318,1.618,0.45327419525898477,0.0,0.227670095334608,0.06446895440523932,0.06264411029650273,0.1126437558082894,0.08845054158903431,0.09374038592660879,0.09156379796734031,0.24581581936239383,0.09357194721613658
0.5037892884907754,0.4153827476322021,0.9863645320168699,0.3552213814049318,0.28745693298096864,0.4370005641365586,0.22159108875433162,1.618,0.5717909685401313,0.0,0.17427978099139596,0.0008198318211684302,0.1300310628713771,0.2022110810448226,0.16127108642475443,0.16844540059041208,0.16281517087910463,0.298461134152243,0.16704049114676156
0.4720850645496624,0.3520245976930059,1.0828122204485764,0.29523242875678607,0.21092306965686317,0.43805127928798926,0.2371899390085584,1.618,0.4134380038971665,0.0,0.25776388636264747,0.03961781876153522,0.10670939950201205,0.2524838289614457,0.16838248408303225,0.1781738635836853,0.1658089001442411,0.3827073665339535,0.16577506098101635
