2.0777343619017112,1.6644847509438325,4.3055308329595885,1.7033058120308158,1.3645279215213812,1.0816203785385754,1.2482747953825042,5.510226114746017,2.2213321699297572,0.4020693663141805,1.2132882857687457,0.4878260522154579,0.8011056569427677,1.2483298903224498,1.649308327739558,1.3694669877758696,1.315027421273259,1.4151298461289363,1.073927804562306
1.9381095864016298,1.7629318766694486,3.417996840781105,1.2732420434453415,1.1581589611106686,1.73451696390218,1.0993672597622597,5.315790501585851,2.4945377214034132,0.4633687844787038,1.2093515982239393,0.5603757800764044,0.909614135876897,1.1563789655385963,1.1123879467492328,1.0811960940445289,1.0768821769354158,1.2631376729393424,1.0495201624677477
2.07214133251367,1.5938592480469211,3.6168333968047723,1.6445243307273847,1.264942826070829,1.4596319866885175,1.3000779931181659,7.927037002854863,2.5151140284069964,0.4718246717344883,0.9264830001074402,0.4371375373932769,0.7691846222252827,1.0693127582900925,0.9301624640278952,0.9661543400586718,0.9561146136933992,1.3475070108215126,0.9857985125189479
2.0298651595000887,1.5604355921804673,3.8913399012924414,1.9722565416897984,1.5161496270626476,1.1557500497966815,1.3008323891559446,8.435082856446055,2.765367373188774,0.4606148251267639,0.9781113172028777,0.4505325733279122,0.7687385464386061,1.169387870564112,0.9568905513994178,0.9492126197971202,0.9666117116043653,1.1800145623168223,0.9853510728484782
1.9010469252873097,1.4547170706738202,3.3571154540033827,1.5371763464081243,1.1762764201193805,1.3593384537833633,1.3068155750772559,7.847878796844686,2.964967966760706,0.4527538636367288,0.9861667785172183,0.44649081916385686,0.7652189177044988,1.1396397293309124,1.090078073768683,1.065987102682,1.0597241835083926,1.4288328200816198,1.0420517918513235
1.9646742545044689,1.5818370612639987,3.764662252645491,1.169199799585363,0.9413690695881005,1.2909152413144245,1.2420206243837506,6.237227295434185,2.250185416101756,0.4882955657583533,1.3321986631432416,0.6505066999220511,0.8051396090915695,1.194369568880904,1.0315108884157964,1.045510422031721,1.0248513711534633,1.114529830541321,1.0080272843090758
2.0990495438111427,1.719213759589859,4.168399834115724,1.4333028324770463,1.1739379656468762,1.7277608608636614,1.220935751649579,5.842865035453495,1.7814111149502958,0.42143721955617136,1.2693922457378461,0.534969138569922,0.8190439166425608,1.2653738878628122,0.9955313407430672,1.0052565407240113,0.9900082575960637,1.4312706893064473,1.0004743572553423
1.972704172152855,1.575179731116795,3.3664535461705016,1.865034140600508,1.489206550878181,1.0949234922092228,1.2523676715635599,5.928117064578091,3.1526345553921344,0.5127762960370948,0.7537114613783795,0.3864853714463113,0.7984875549777781,1.0981167951545994,1.0097626414011807,1.0127325657480872,1.0063509339686878,1.0695334478918366,0.9836212143368382
2.042173329277809,1.7092311991174243,3.5612628126097823,1.6538463511248898,1.384214425564376,1.4386997362951586,1.1947905762147932,5.3683616404241645,2.476512436384947,0.45047783306805905,0.9267965890462457,0.41750131912842126,0.8369667621317305,1.113177602386043,0.9415483097123999,0.9810588876959705,0.9671829229261144,1.2489017209068842,0.9884594312683327
1.895882423649896,1.5614703141503226,3.505887099152234,0.8943915782884065,0.7366310702088658,2.594063828137757,1.2141648845124182,9.155359155780749,2.9161440522588196,0.48803852330125114,1.70762479362487,0.8333866826332853,0.8236113667556593,1.0914501762988331,0.9618514849315152,0.9901883296121221,0.978528752884745,1.804828131758964,0.9892860347794009
2.086918909720987,1.7969614493045476,3.6696784059500667,1.5996430518530655,1.3773879202676558,1.8678639765664078,1.1613598669735834,5.741328471959596,2.3099521181201856,0.43458118383399885,1.0061873365850578,0.4372700838919127,0.8610595461731642,1.0977969477175324,0.9635211718053425,0.9870516243657659,0.9685854894757752,1.4134797093428402,0.9824437755523205
2.0734228913435593,1.6542683057861451,4.205549221130645,1.456004436227302,1.1616646087928955,1.9545848922923212,1.2533776317247538,6.073903623126805,1.8686848060979553,0.4253128268344719,1.325200384926419,0.5636247218351855,0.7978441410542131,1.3067630477722234,1.0131567597288145,1.0473380878724114,1.0041698725060961,1.7613866685410706,1.004053035179405
1.9744518609330401,1.6707383956509205,3.84962558606123,1.4954508034782323,1.2654180765883125,1.7601110213064233,1.1817839741234848,5.6523279940535085,2.3815886345908805,0.4498003656268875,1.2107183780462416,0.5445815691163918,0.8461783387625375,1.2271287954608128,1.191463774744052,1.1593606448735267,1.1070435113480406,1.5219906029738015,1.043164155062109
2.097816170455729,1.8015066377338897,3.7770643668294084,1.4546385398449893,1.2491757008742075,1.9586396972293378,1.1644787349185493,5.74946728482688,2.103978103458907,0.4576261991255758,1.1075777457556673,0.5068565940262394,0.8587533374492632,1.1379986222315792,1.0715284805757437,1.0657702280386203,1.0401913627792392,1.6571125447894055,1.0108076391548553
2.0939005840559246,1.7078632268754008,3.678780546554561,1.4004533348174746,1.1422618483905573,2.060898365906295,1.22603528848548,9.218714137819081,3.468050847302113,0.4188100465254317,1.3145698791319345,0.5505550722401765,0.815637208318285,1.066786233994032,0.9588692913172429,0.9774910846714717,0.9749148120488949,1.7931476069921144,0.9761490775144561
1.9802556870552719,1.5893483444125485,3.6047543232762624,1.6219747395872008,1.301792937090522,1.2320448819661785,1.245954478146331,6.57626964757113,2.2487040848225894,0.4555078188992406,0.9914153988341946,0.45159746594608474,0.8025975407125228,1.1897230081648642,0.9905644261960668,1.0098879467591333,1.0063533909331106,1.1187049074822544,1.022076839573723
2.080656407241896,1.8325209404223417,4.156144943430656,1.370615614778925,1.2071583787741724,1.4230984510670963,1.135406620107908,4.596034575649599,1.9442454628170602,0.4460180795817228,1.3795069863200187,0.6152850568080247,0.8807417380611723,1.2671540036949944,0.7893491304810977,0.8928110528079716,0.8733636205527915,0.8877605936920411,0.9660842660682842
2.0902603590549775,1.7513464838914985,3.7999300544424335,1.789534150184875,1.4993798873681887,1.8693955275923824,1.1935161764280995,5.687732833712129,2.306779942727659,0.4000846650604142,1.0036364943178162,0.40153957067155177,0.8378604494433868,1.1665812346686324,1.0139538384319453,1.0257885179326034,1.019118019622074,1.547665681681856,0.9971323387852644
2.044059090196328,1.8394690921521781,3.658508783354618,1.6349086249055003,1.4712705216940842,1.514098632060437,1.1112223080654102,4.567013244982585,2.3353100651666154,0.42753412432860627,0.9678064129030861,0.41377026726013044,0.8999099394800277,1.189825632308717,0.9795455715973728,0.9687253566501577,0.9845499004358653,1.1787016201290632,0.9818227063343581
2.1388743579673832,1.6195583452871374,3.6244587070869936,1.8603936769621627,1.4086924245082002,1.8075555213870416,1.3206528583495858,7.517853383286583,2.5239614960975882,0.5361921136108271,0.8594822714040178,0.4608476157151548,0.7572012536660814,1.0561816229712782,1.012467037354565,1.0494751872907837,1.0130105300962344,1.7631212834297927,1.0187917605920809
2.0167641259820783,1.7101012945027259,3.690624723627189,1.184577731672392,1.0044545548357604,1.7353924788230355,1.1793243666121696,6.770742117691657,2.4193612163083746,0.48778056353789273,1.4060018976497108,0.6858203979709225,0.847943134485288,1.1476666633890122,1.0013145738098033,1.0234409528174575,1.0082158119688314,1.3008865512445533,1.0051114698308314
1.9613545522059352,1.6180430188837696,3.770050913079719,1.709815458881613,1.4105328196329414,0.8854014097136835,1.2121770121779607,6.052325851968843,2.203511616458295,0.3672862930647166,0.9934621396881443,0.3648850265862002,0.8249620228346561,1.2130561120506196,1.1659277008624755,1.0302559886736775,1.1000352772498638,0.86681193784385,1.0446486638836112
2.103041764357428,1.9345156246432074,4.01109680136419,1.3241540425879479,1.2180436585877945,1.9006598788504745,1.0871154192643457,5.77866770147652,2.3344918162101678,0.4144679218339697,1.4250988492811711,0.5906577584695486,0.9198655287924284,1.1391964458095738,1.0478199636961032,1.0241328556991915,1.021391729005731,1.3429950798610444,0.9975853204538695
2.0678684751749294,1.6640348097108364,3.6333288698134116,1.4219935991846782,1.1442927229833284,2.0400818521071287,1.242683424113146,7.212311930703793,2.2732532706015083,0.4333486921917514,1.1310748398229498,0.49014980260827,0.8047101784701607,1.1239281873700893,1.0033002849275525,1.006296896690724,1.006599329705809,1.7171399711830784,1.0144246142020144
2.1013352173848974,1.6152053389427001,3.9028993797252935,2.241302526076854,1.7227921448965073,0.9022935126644539,1.300970945750101,5.286772927506865,2.369539718700412,0.40068005079076346,0.7611644318425068,0.30498340321077827,0.7686566738993773,1.158591491854342,0.905177687368882,0.8781030578463376,0.9350123688981746,0.9440067140483539,0.9590687898440984
1.967510142408761,1.6064000917345285,3.458122011680125,1.3098639312705667,1.0694560063495908,1.7097616204593828,1.2247945904213189,7.572171635226967,3.2602433766743015,0.4273729628792014,1.1969479579230218,0.5115431951897715,0.816463436253428,1.0932349993241752,0.9219447730269514,0.9778273198996605,0.9509110437941447,1.3476309970153988,0.9771098564303388
2.0217772360826967,1.6242384704509574,3.7136211287033754,0.9971111311099389,0.8010507931138794,2.232789224128083,1.244753940301245,9.071956204551359,2.229027369365388,0.4165238137103554,1.505621755718207,0.6271273156970287,0.8033716284183751,1.0305972711397848,0.9716811347073037,0.9764900981475068,0.9838419256719944,1.6577585741086691,0.9954242239614911
2.0088778209802762,1.631668263482605,3.58998437133447,1.4186375556471078,1.1522581675994574,1.8541530605355263,1.2311802992923093,6.406970532395098,2.41256492900473,0.49403301156937546,1.1562083994329384,0.5712051175736619,0.8122287211505956,1.2150423257050387,1.3903312529578042,1.2987875472684216,1.23090157276519,1.966775853357503,1.1223344900222023
