2.0432626705730073,1.7143009088745558,3.7195442324877344,1.6045539402517968,1.3462235265818803,1.3725871699103858,1.191892660148221,9.379115051973228,3.441003591721898,0.4911383029717606,1.175004503987529,0.5770897180726102,0.839001726779358,1.1854241054944843,0.9185643038111971,0.9569859172096683,0.9424291879763901,1.2818814498582005,0.9888147538532317
2.041484692958404,1.6557220544397253,3.787194712673139,1.378395618870097,1.1179314906344069,2.1121142395836716,1.2329875581981156,7.825170323407954,2.2125629579620854,0.4941269784796982,1.2386871431513482,0.6120687353270251,0.8110381920328515,1.1780713501439157,0.9232571989958412,0.9462508298208034,0.949907308482296,1.6487103312383278,0.9881703321384927
2.1302328363299754,1.9431052337909942,3.8715465086547223,1.5328136490853301,1.3981655775691073,1.593488813289626,1.096303380426749,6.206859916832169,2.593035852925667,0.4976818236856024,1.2066452280431315,0.6005253976340352,0.9121562679216936,1.1815363535801715,1.0267918732999515,1.0392187045450563,1.013492945261953,1.3427896245685862,1.0248207079546174
2.041961485525528,1.8712548579368848,3.546029646958864,1.338314468867532,1.2264322657736448,1.7640824641784487,1.0912257498568914,5.542817740431528,2.3294693204840655,0.5020519574746211,1.1307077021205982,0.5676740151812771,0.9164006624029398,1.1662642749966483,0.9174075424611051,0.9541309490530716,0.9477455327743896,1.2698207921929265,0.9817557730413292
2.1015625988700912,1.8275729967965875,3.9777494723009235,1.4457216018885997,1.2572367636908242,1.9506410045795946,1.14991992251678,5.852620619305455,2.0630218301553933,0.44805822965494047,1.2734136982671873,0.5705634872639466,0.8696257716896871,1.2166486867755784,1.2758697870757867,1.187594446122479,1.1528208203245018,1.7752773832205806,1.0582326143469827
2.082157436667136,1.8137267638403762,3.9205497911924736,1.3433431910461875,1.170160073257088,1.854834905615726,1.1479995102781555,6.861834685263733,2.282992575313162,0.49564476692105697,1.339761076234567,0.6640455663601864,0.8710805109644204,1.196315046999375,0.8742366613092911,0.9122808214235881,0.9361436370901645,1.2910555915036013,1.0052799386760607
2.151103535164929,1.9415090577563983,3.988240763663501,1.6078054469459626,1.4511476492535837,1.7448063535995189,1.1079544164737183,5.311467761877638,2.117626954711129,0.5341682718958933,1.085608354013843,0.5798975384193198,0.9025642076347289,1.1897402962032038,0.7130643351765082,0.7620151726343136,0.8160688862047459,1.0791919217132093,0.8815314178945763
1.9790354265103545,1.65905377905758,3.8550487949308585,1.2891522875068924,1.080714850132999,1.704686622974689,1.1928699669003733,7.1087016379939545,2.1098602462156917,0.46873543502653237,1.3547739402073216,0.6350305522256883,0.8383143408316848,1.1990852037332278,1.1793468929674973,1.0753284563392949,1.1074299953347118,1.3596701364011903,1.045950424424792
2.025896046548973,1.4961284868498206,4.022485304927198,1.3020273423452264,0.9615499279236918,2.003864254840056,1.3540922884334663,8.980399731376263,2.1725244163786646,0.4633539936420667,1.364359870059911,0.632181594557231,0.7385021010324846,1.151146233066595,1.3158542877875719,1.1961495401959,1.1628823391473249,2.218273292413852,1.0490995229664863
2.1148070832604504,1.729503612658452,3.9762244856388635,1.6011244126477555,1.3094104317641435,1.90791382526871,1.222782691971219,6.172374490084333,1.7764275752698302,0.5216720647535487,1.0327431969185161,0.538753275896663,0.8178067996594911,1.1761418728242572,0.8613913854590665,0.8901995160953629,0.9185064635696595,1.4586201069874556,0.9625744561978994
2.004559390867856,1.8000296830634315,3.667564211917481,1.2311510753752124,1.105533959286386,2.0203326878046775,1.1136257416912922,6.122332718077136,2.3806247217386187,0.5252371823956393,1.3010664850619036,0.6833684947233125,0.8979677485555192,1.1421829311485108,1.2459075234599282,1.200588389583597,1.142569168492191,1.7570029445432673,1.0640514784631108
2.0276339795092864,1.8478822368826282,3.7268338145488755,1.395998191123288,1.2722415811562353,1.5974449399557071,1.0972744577759992,5.452243649303111,2.195673076060512,0.5271022253722883,1.1684846216702234,0.6159108443956711,0.9113490183912976,1.2118418067580423,0.916322618473903,0.9346487023504224,0.9480855069340594,1.151014281412304,0.9786585693451689
1.9925640322606717,1.677876195168315,3.7093557840077196,1.4856407739820028,1.2510118866331772,1.977231480068401,1.1875512853681014,7.52581065268162,2.0661496738422045,0.5468125178245896,1.0884195060412265,0.5951614105477991,0.8420688961572159,1.233622067487504,1.0496952891656977,1.0715976609206923,1.026488879320576,1.6648644910862735,1.0094373782986645
1.9807152237362313,1.6424603969418696,3.5066857577036465,1.5215191553019203,1.2616831161916908,1.7136718146260743,1.2059439773550493,9.258245140614333,2.798071521592258,0.5807952983078711,1.1087190352629501,0.6439388028251603,0.8292259166078857,1.1822928777807764,0.9164200769243868,0.9334621350490947,0.9470157501393962,1.4411505644038112,0.994226143714634
2.079461864498328,1.6900300972927587,3.857906233159002,1.5788413191918216,1.2831633961834203,1.387670345505324,1.2304288946270223,11.505028222479385,3.45962389322849,0.5069907105982838,1.242497014401219,0.6299344442475202,0.812724737176404,1.174671393203454,0.9370537560176329,0.9822798439483278,0.9546638085780889,1.4330626125333765,0.9866366418851464
2.047073677383576,1.7254338947072114,3.849208027606171,1.421460240450004,1.198117930951017,1.9960255067337478,1.18641095649216,6.120238321906887,1.8847219581653902,0.511193551206517,1.165727598333677,0.5959124307316365,0.8428782577638038,1.200005418819094,1.220879211312034,1.147224169453247,1.1320966699350659,1.7321981548217606,1.0608402782762962
2.1411621669389564,1.8900194646906756,3.857479512245988,1.3859785899009807,1.223413412120162,1.9466493985049589,1.1328783681544694,6.907082544503799,2.325123478008191,0.4909030888853557,1.273272606755257,0.6250534556492646,0.8827072950726946,1.16877960257049,1.0000477002946353,1.0082695333970297,0.993728720285294,1.589046568994151,1.0005320729236047
2.038269786146394,1.6262184465284146,3.8541499176347904,1.36113916546539,1.0859747979471492,2.0737232536795815,1.2533800674181317,9.373124650401232,2.4514119359614366,0.528705618471482,1.3314036223851886,0.7039205756083327,0.797842590603762,1.1598737737484575,0.9615411368232287,1.0068695348397925,0.9806199767640509,1.677210476900081,0.9956649109020812
2.016296971933134,1.5829088178577686,4.017386787673854,1.524644473135314,1.1969333953371797,1.7915475217829984,1.273792241970003,7.584601673228517,2.275729724775884,0.50910944084711,1.2567591987753846,0.639827972967998,0.7850573798859339,1.2574311775391938,0.7683563677265984,0.8517898725169334,0.8548612960612861,1.2156177124202785,0.9542514211526072
1.9843235080994455,1.7290085049104011,3.6921547113723445,1.3838211466890153,1.2057703908329966,1.4601759378110122,1.1476655565683727,6.636242372494632,2.478299598774788,0.5346399338205984,1.2042999847769063,0.6438668641612728,0.8713339825149876,1.2134137208112814,0.8335571719674141,0.9079646239133439,0.8958594668191089,1.0244594314334183,0.9704858510383685
1.9756885501800734,1.7001323730110491,3.5915795268222106,1.2951179233362276,1.1144833066578606,1.9398752133346042,1.1620792483828748,6.749985879567728,2.3558773818766885,0.5058062268866053,1.2308166772557383,0.6225547395118335,0.860526510039293,1.19913423675276,1.0179253743750838,1.050174770356843,1.0122008184271256,1.5268695398956553,1.0080218915400674
2.0384870170262666,1.6602011578303735,3.747185708396595,1.3502901252322488,1.0997142540489449,1.948761994622729,1.2278554363196892,8.199229246958163,2.4567641169669816,0.5201804385908877,1.228769526414931,0.6391818711776361,0.8144281243705274,1.1127200549086742,0.9347044874797155,0.9906898379849298,0.9535121329910843,1.6346075015297856,0.9787040325999881
1.9679280723305552,1.8207373677337104,3.560411964842011,1.3291580336014222,1.2297439796849798,1.655417555395128,1.080841260911811,5.830012883226102,2.4993199283502636,0.610796262768072,1.1528389513374366,0.7041497230503696,0.92520524166184,1.1844630865224968,0.8864074612873096,0.9004352001123471,0.9278574944951561,1.0834676330443749,0.9679107900371364
2.0494588818911597,1.7069446993220034,3.8041688980709267,1.5508987997027537,1.2917060736025356,1.8069561109615142,1.2006592145048416,9.38249922201943,3.0095710555621316,0.487274038337593,1.25941021897544,0.6136779033237949,0.8328757968283327,1.211573450760668,0.7994164630228316,0.8677370872715092,0.8751463257416968,1.4550372619733283,0.9578286247221695
1.9510163107630272,1.7136372833196993,3.6294985766286865,1.2529439696728433,1.1004990006989026,2.18952671826998,1.1385234960478168,9.069708008633697,2.7596517283918858,0.5961532530169037,1.3085075548569687,0.7800710354251764,0.8783305776923562,1.136445645191706,0.9365733472361414,0.9639900929967106,0.9604063591343891,1.5071379408391108,0.996175604916022
2.0444788560386047,1.5213438962147217,3.936783027370969,1.6260009024615092,1.2099447939474002,1.9046471603181059,1.3438637122911545,9.652611300051522,2.4762867304902954,0.48775210743812575,1.1491963037191582,0.5605229189991239,0.7441230765098188,1.1909668637952096,1.1581335165296909,1.1815867712021373,1.083426780951986,2.17806684787679,1.0205743572917532
2.0224425719779355,1.8039900586171413,3.587328106067188,1.268135267667327,1.131158653180588,1.9300195333192391,1.121094078272388,6.757648117766477,2.370886282315262,0.5247990390516488,1.2552016942001818,0.658728642932257,0.8919858015314873,1.1825199753925844,0.9565173514799282,0.9818519469572601,0.9762122672468265,1.4275824040595242,1.010605944668893
